000000000000
000000000001
000000000010
000000000011
000000000100
000000000101
000000000110
00000000011100000
00000000011100001
00000000011100010
00000000011100011
00000000011100100
00000000011100101
00000000011100110
00000000011100111
00000000011101000
0000000001110100100000
0000000001110100100001
0000000001110100100010
000000000111010010001100000
000000000111010010001100001
000000000111010010001100010
000000000111010010001100011
000000000111010010001100100
000000000111010010001100101
000000000111010010001100110
000000000111010010001100111
000000000111010010001101000
000000000111010010001101001
000000000111010010001101010
000000000111010010001101011
000000000111010010001101100
000000000111010010001101101
000000000111010010001101110
00000000011101001000110111100000
00000000011101001000110111100001
00000
00001
00010
00011
00100
00101
00110
00111
01000
01001
01010
01011
01100
01101
01110
01111
10000
10001
10010
10011
10100
10101
10110
10111
11000
11001
11010
11011
11100
11101
11110
11111
0000
0001
0010
0011
0100
0101
